"(Intercept)"
41.6214263016782
35.657471828238
-153.646629177838
144.934512648878
-38.3233640144738
6.51997221053172
-54.8647092035236
95.6076391914658
14.4017316004887
-137.478264658853
-141.248327740183
-59.2315288252268
122.420584511641
-64.7357618080063
71.7518212977048
-68.9353797497203
-116.050620089898
-96.1956216554034
-101.625305207265
61.6352061895566
-42.023035188321
24.1147349411007
-110.049390900999
97.931096455077
-124.971701989753
179.352453260931
130.297974378644
1.70020604508763
-22.6898827702525
47.3865822926707
71.3293745225029
-1.51784438953938
91.7687759893357
168.268484526213
16.5852424183824
-147.48563012699
39.8073901493403
44.9264510723767
-223.439075327282
-28.0450168911957
11.9507527963136
-43.9861702024952
-143.63390952956
-10.984409922158
-44.6322652704514
79.4047223619028
-29.1944000714678
59.239941808633
3.12907013768299
-19.7920648280007
58.5689969303711
116.916351528862
-61.9525830537339
153.818319833273
-5.51866384880529
10.1864162645869
50.9276802612763
174.729435205773
45.7589197176277
67.7131584910667
74.373476284988
17.6165095460814
-20.6894730406192
42.2675213696345
47.8214539730256
-13.358779000349
-132.973340908285
206.077470906794
10.4721890831062
-11.4577685119399
96.477382552176
34.9368273293642
41.2611040522412
206.400518440772
-140.552533051616
25.8902261458206
61.7737597687453
173.22602168226
-24.7275672153443
-158.531370808007
76.075688290949
32.2530478163161
38.7885479267944
-2.9218586718283
-81.8324312985351
-8.25214298246587
16.3633084511916
-152.977438204616
-97.4505370758567
-68.2147352508464
-44.2222434004024
-46.3220523712595
-144.826700424248
2.88057203462294
-199.176331149419
-124.859877843376
-38.7677100382348
-35.1147879232525
-149.436340236011
-93.9839885381694
23.8910866483468
-92.9651463156234
83.8536789167274
102.838933990513
71.5681847843701
61.9982707525993
-236.84554798737
106.55398063126
-32.8907299008658
-152.306493326354
33.6829667025868
125.029814593771
2.03567848421885
-97.9599581871296
13.8641881898753
14.7587813608912
-98.1587566695774
99.18601187553
80.316792781995
-86.7899684545823
3.85499802062407
-89.5110226830893
-178.595602627728
141.045517335989
127.862692968656
99.6522395825597
-90.4231564822887
11.6704196681759
-105.029729219187
-75.1726821365269
26.4506171098652
98.5896164281858
-11.1347209779618
18.5856521480155
276.278185021247
-10.0661791348037
75.777490567277
37.949827172418
62.3213182865775
-103.874213039958
-51.0062416139404
-52.3978309910765
-98.0937994506791
-88.2809570729422
78.995541001904
380.001293238495
2.63207393156288
5.37797797037588
155.632355985612
-61.7165098558269
-68.0008830280233
42.7663582886118
-4.17677409228178
-43.8991958664243
-40.842669198786
-95.4377024410705
153.047975713788
-11.2341202191857
37.1857351620573
6.00984964695622
45.8458940536989
118.171266949315
233.138914330029
14.6096824990551
18.2825054256845
-184.462147862319
-102.351565003393
83.4560819518314
14.3487594908426
48.094801886392
-95.3010284843874
-120.796933858345
-75.5081545756573
-157.189481051483
13.3174923631435
126.29191564183
-65.4067066862683
44.6655280641638
95.930686725444
116.49390475366
148.177412893811
35.7785448575348
-60.2130963323142
96.2537342594221
-170.794752194019
-45.1913860023362
-75.9554511611656
-21.8822639353076
-52.9693766281147
43.4975869797817
-70.6872913762933
-73.9674663366854
-93.1390949877656
-85.634452275353
110.380851418383
-72.6752762007733
42.1556972232577
-50.8063056563909
3.41149232983488
-24.2429959143773
